world: PVP
x: 1270.2307402792471
y: 93.11638208113382
z: -466.5478574846097
yaw: 275.80713
pitch: 38.55013
name: adminhaz
