world: PVP
x: 1294.5060277472571
y: 87.0
z: -502.9117303324615
yaw: -359.97052
pitch: 31.367046
name: highenchant
