world: PVP
x: 1294.4098618115263
y: 117.0
z: -497.7354971007828
yaw: -0.29901123
pitch: -3.8999925
name: leghajo
