world: PVP
x: 1157.4707910880777
y: 12.0
z: -445.4687102326059
yaw: 179.96028
pitch: 88.16642
name: mobnopvp2
