world: PVP
x: 1219.4609639343605
y: 12.0
z: -542.3153109424233
yaw: 178.23792
pitch: 84.76126
name: mobnopvp
