world: PVP
x: 1135.3928060306457
y: 12.0
z: -468.49276521105503
yaw: 266.66125
pitch: 86.96154
name: mobpvp2
