world: PVP
x: 1202.430601783222
y: 12.0
z: -589.4872961659044
yaw: 269.22888
pitch: 28.60202
name: mobpvp
