world: PVP
x: 1298.2180883868425
y: 87.0
z: -503.420818706052
yaw: -139.54391
pitch: -3.6914747
name: piac
