world: PVP
x: 1294.0468133182778
y: 92.0
z: -506.45459769553366
yaw: 189.45105
pitch: 21.600002
name: spawn
