spawns: 
  default: 
    world: PVP
    x: 1294.5285614509637
    y: 92.0
    z: -507.5397864474795
    yaw: -179.69897
    pitch: -15.149999
  newbies: 
    world: PVP
    x: 1294.393807519666
    y: 117.0
    z: -498.4207371116205
    yaw: -359.39896
    pitch: -2.250001
  newbie: 
    world: PVP
    x: 1294.4098618115263
    y: 117.0
    z: -497.7354971007828
    yaw: -0.29901123
    pitch: -4.0499926
